0000000000000000000000000000000000000001
0000000000000000000000001110100000000001
0000000000000000000000000000000000000001
0000000000001000000000001110100000000001
0000000000000000000000000000000000000001
0000000000010000000000001110100000000001
0000000000000000000000000000000000000001
0000000000011000000000001110100000000001
0000000000000000000000000000000000000001
0000000000100000000000001110100000000001
0000000000000000000000000000000000000001
0000000000101000000000001110100000000001
1111111111110110000110000010000000000001
0000000000110000000000001110001000000001
1111111111110110000101100010000000000001
0000000000111000000000001110001000000001
1111111111110010000000000010000000000001
0000000001000000000000001110001000000001
1111111111110010000000010010000000000001
0000000001001000000000001110001000000001
1111111111110010000000100010000000000001
0000000001010000000000001110001000000001
1111111111110010000000110010000000000001
0000000001011000000000001110001000000001
1111111111110110000101110010000000000001
0000000001100000000000001110001000000001
1111111111110010000001000010000000000001
0000000001101000000000001110001000000001
1111111111110010000001010010000000000001
0000000001110000000000001110001000000001
0000000000110001000010000010000000000001
0000000001101001000010000010001001000001
0000000001111000000000001110001000000001
0000000000001010000001100010000000000001
0000000010000000000000001110001000000001
0000000000000000000000000000000000000001
0000000000000010000001110010000000000001
0000000010001000000000001110001000000001
0000000000000000000000000000000000000001
0000000010000001000010000010000000000001
0000000000101001000010000010001000000001
0000000000000000000000000000000000000001
0000000010010000000000001110001000000001
0000000010001001000010000010000000000001
0000000000100001000010000010001000000001
0000000000000000000000000000000000000001
0000000010011000000000001110001000000001
0000000001111000000000001100000000000001
1111111111110111111111110100000000000001
0000000001110001000010000010000000001001
1111111111110111111111110010000000100011
0000000010101000000000001110001000000001
0000000010101000000000001100000000000001
0000000010100000000000001110001000000001
0000000010100001000010000010000000000001
0000000011000001000010000010001001000001
0000000011100000000000001110001000000001
0000000011010001000010000010000000000001
0000000011000001000010000011010000000001
0000000011100010000010000010001000000001
0000000011001000000000001110001000000001
0000000011001000000000001100000000000001
0000000011011000000000001111001000000001
0000000010011111111111110010000000000001
0000000010110000000000001110001000000001
0000000010010111111111110010000000000001
0000000010111000000000001110001000000001
0000000010011010000010010010000000000001
0000000010010010000010010010001000000001
0000000000000000000000000000000000000001
0000000011101000000000001110001000000001
0000000011101000000000001100000000000001
0000000011101111111111110010000000000001
0000000000000000000000000000000000000001
0000000101001000000000001110001000000001
0000000101000000000000001111001000000001
0000000101000001000010100010000000000001
0000000101001001000010100011010000000001
0000000000000000000000000000000000000001
1111111111101001000010001000001000000001
0000000000000000000000000000000000000001
0000000000000000000000000000000000000001
0000000100101000000000001111011000000001
0000000100000001000010000010000000001001
0000000100001000000000001110001000000001
0000000011110001000010000010000000000001
1111111111110010001011000010001001100111
0000000011111000000000001110001000000001
0000000100101001000010000010001001001001
0000000100101001000010000010000000000001
0000000011111000000000001110001000100111
1111111111110010001010110010000000000001
0000000100001000000000001110001000100111
0000000000000000000000000000000000000001
0000000100001001000010000010000000001001
1111111111111001000010000010001001000001
0000000100001000000000001110001000100110
0000000011111001000110100010000000000001
0000000000000000000000000000000000000001
0000000100110000000000001110001000000001
0000000100111000000000001111001000000001
0000000100110000000000001100000000000001
0000000000000000000000000000000000000001
0000000000000010000010111010000100000001
1111111111100001000010000010000000000001
0000000000000010000010101010000100000001
1111111111100001000010000010001001000001
0000000100010000000000001110001000000001
0000000100111000000000001100000000000001
0000000100010111111111110010000000000001
1111111111100001000010000010001000000001
0000000100100000000000001110001000000001
0000000100100000000000001100000000000001
0000000011101111111111110010000000000001
0000010011001000000000001110001000000001
0000000010110010001011010010000000000001
0000000000000000000000000000000000000001
0000000101101000000000001110001000000001
0000000110010010001100000010000000000001
0000000110001010001100100010001000000001
0000000101111010001100000011010000000001
0000000101110010001100100010001000000001
0000000101101010001011100010001000000001
0000000101100010001011110010001000000001
0000000101011010001100010010001000000001
0000000000000000000000000000000000000001
0000000110000000000000001110001000000001
0000000110011000000000001111001000000001
0000000111000010001101010010000000000001
0000000110111010001101110010001000000001
0000000110101010001101010011010000000001
0000000110100010001101110010001000000001
0000000110000010001100110010001000000001
0000000101111010001101000010001000000001
0000000101110010001101100010001000000001
0000000000000000000000000000000000000001
0000000110110000000000001110001000000001
0000000101010000000000001110001000000001
0000000111001000000000001111001000000001
0000000010110001000010000010000000000001
0000000000000000000000000000000000000001
0000000111100000000000001110001000000001
0000001000001010001110100010000000000001
0000001000000010001111000010001000000001
0000000111110010001110100011010000000001
0000000111101010001111000010001000000001
0000000111100010001110000010001000000001
0000000111011010001110010010001000000001
0000000111010010001110110010001000000001
0000000000000000000000000000000000000001
0000000111111000000000001110001000000001
0000001000010000000000001111001000000001
0000001000110010001111110010000000000001
0000001000100010001111110011010000000001
0000000111111010001111010010001000000001
0000000111110010001111100010001000000001
0000000000000000000000000000000000000001
0000001000101000000000001110001000000001
0000001000111000000000001111001000000001
0000001001100010010000100010000000000001
0000001001011010010001000010001000000001
0000001001001010010000100011010000000001
0000001001000010010001000010001000000001
0000001000101010010000000010001000000001
0000001000100010010000010010001000000001
0000001000011010010000110010001000000001
0000000000000000000000000000000000000001
0000001001010000000000001110001000000001
0000001001101000000000001111001000000001
0000001010001010010001110010000000000001
0000001001111010010001110011010000000001
0000001001010010010001010010001000000001
0000001001001010010001100010001000000001
0000000000000000000000000000000000000001
0000001010000000000000001110001000000001
0000001111110000000000001110001000000001
0000001010010000000000001111001000000001
0000000010111010010010000010000000000001
0000000000000000000000000000000000000001
0000001010110000000000001110001000000001
0000001011011010010010110010000000000001
0000001011010010010011010010001000000001
0000001011000010010010110011010000000001
0000001010111010010011010010001000000001
0000001010110010010010010010001000000001
0000001010101010010010100010001000000001
0000001010100010010011000010001000000001
0000000000000000000000000000000000000001
0000001011001000000000001110001000000001
0000001011100000000000001111001000000001
0000001100001010010100000010000000000001
0000001100000010010100100010001000000001
0000001011110010010100000011010000000001
0000001011101010010100100010001000000001
0000001011001010010011100010001000000001
0000001011000010010011110010001000000001
0000001010111010010100010010001000000001
0000000000000000000000000000000000000001
0000001011111000000000001110001000000001
0000001010011000000000001110001000000001
0000001100010000000000001111001000000001
0000000010111001000010000010000000000001
0000000000000000000000000000000000000001
0000001100101000000000001110001000000001
0000001101010010010101010010000000000001
0000001101001010010101110010001000000001
0000001100111010010101010011010000000001
0000001100110010010101110010001000000001
0000001100101010010100110010001000000001
0000001100100010010101000010001000000001
0000001100011010010101100010001000000001
0000000000000000000000000000000000000001
0000001101000000000000001110001000000001
0000001101011000000000001111001000000001
0000001101111010010110100010000000000001
0000001101101010010110100011010000000001
0000001101000010010110000010001000000001
0000001100111010010110010010001000000001
0000000000000000000000000000000000000001
0000001101110000000000001110001000000001
0000001110000000000000001111001000000001
0000001110101010010111010010000000000001
0000001110100010010111110010001000000001
0000001110010010010111010011010000000001
0000001110001010010111110010001000000001
0000001101110010010110110010001000000001
0000001101101010010111000010001000000001
0000001101100010010111100010001000000001
0000000000000000000000000000000000000001
0000001110011000000000001110001000000001
0000001110110000000000001111001000000001
0000001111010010011000100010000000000001
0000001111000010011000100011010000000001
0000001110011010011000000010001000000001
0000001110010010011000010010001000000001
0000000000000000000000000000000000000001
0000001111001000000000001110001000000001
0000010101101000000000001110001000000001
0000001111011000000000001111001000000001
0000010000011010011001100010000000000001
0000010000010010011001110010001000000001
0000010000000010011001100011010000000001
0000001111111010011001110010001000000001
0000001111110010011000110010001000000001
0000001111101010011001000010001000000001
0000001111100010011001010010001000000001
0000000000000000000000000000000000000001
0000010000001000000000001110001000000001
0000010000100000000000001111001000000001
0000010001001010011010110010000000000001
0000010001000010011011000010001000000001
0000010000110010011010110011010000000001
0000010000101010011011000010001000000001
0000010000001010011010000010001000000001
0000010000000010011010010010001000000001
0000001111111010011010100010001000000001
0000000000000000000000000000000000000001
0000010000111000000000001110001000000001
0000010001010000000000001111001000000001
0000010001111010011100000010000000000001
0000010001110010011100010010001000000001
0000010001100010011100000011010000000001
0000010001011010011100010010001000000001
0000010000111010011011010010001000000001
0000010000110010011011100010001000000001
0000010000101010011011110010001000000001
0000000000000000000000000000000000000001
0000010001101000000000001110001000000001
0000010010000000000000001111001000000001
0000010010101010011101010010000000000001
0000010010100010011101100010001000000001
0000010010010010011101010011010000000001
0000010010001010011101100010001000000001
0000010001101010011100100010001000000001
0000010001100010011100110010001000000001
0000010001011010011101000010001000000001
0000000000000000000000000000000000000001
0000010010011000000000001110001000000001
0000010010110000000000001111001000000001
0000010011110010011110100010000000000001
0000010011101010011110110010001000000001
0000010011011010011110100011010000000001
0000010011010010011110110010001000000001
0000010011001010011101110010001000000001
0000010011000010011110000010001000000001
0000010010111010011110010010001000000001
0000000000000000000000000000000000000001
0000010011100000000000001110001000000001
0000010011111000000000001111001000000001
0000010100100010011111110010000000000001
0000010100011010100000000010001000000001
0000010100001010011111110011010000000001
0000010100000010100000000010001000000001
0000010011100010011111000010001000000001
0000010011011010011111010010001000000001
0000010011010010011111100010001000000001
0000000000000000000000000000000000000001
0000010100010000000000001110001000000001
0000010100101000000000001111001000000001
1111111111110010100000010010000000000001
0000010100110001000010000010001001000001
0000010101010000000000001110001000000001
0000010101000001000010000010000000000001
0000010100110001000010000011010000000001
0000010101010001000101000010001000000001
0000010100111000000000001110001000000001
0000010100111000000000001100000000000001
0000010101001000000000001111001000000001
0000000101010111111111110010000000000001
0000001010011111111111110010001000000001
0000000000000000000000000000000000000001
0000011001110000000000001110001000000001
0000010110010010100001010010000000000001
0000010110001010100001100010001000000001
0000010101111010100001010011010000000001
0000010101110010100001100010001000000001
0000010101101010100000100010001000000001
0000010101100010100000110010001000000001
0000010101011010100001000010001000000001
0000000000000000000000000000000000000001
0000010110000000000000001110001000000001
0000010110011000000000001111001000000001
0000010111000010100010100010000000000001
0000010110111010100010110010001000000001
0000010110101010100010100011010000000001
0000010110100010100010110010001000000001
0000010110000010100001110010001000000001
0000010101111010100010000010001000000001
0000010101110010100010010010001000000001
0000000000000000000000000000000000000001
0000010110110000000000001110001000000001
0000010111001000000000001111001000000001
0000010111110010100011110010000000000001
0000010111101010100100000010001000000001
0000010111011010100011110011010000000001
0000010111010010100100000010001000000001
0000010110110010100011000010001000000001
0000010110101010100011010010001000000001
0000010110100010100011100010001000000001
0000000000000000000000000000000000000001
0000010111100000000000001110001000000001
0000010111111000000000001111001000000001
0000011000100010100101000010000000000001
0000011000011010100101010010001000000001
0000011000001010100101000011010000000001
0000011000000010100101010010001000000001
0000010111100010100100010010001000000001
0000010111011010100100100010001000000001
0000010111010010100100110010001000000001
0000000000000000000000000000000000000001
0000011000010000000000001110001000000001
0000011000101000000000001111001000000001
0000000001011001000010000010000000000001
0000011000111001000010000010001001000001
0000011001011000000000001110001000000001
0000011001001001000010000010000000000001
0000011000111001000010000011010000000001
0000011001011010100101100010001000000001
0000011001000000000000001110001000000001
0000011001000000000000001100000000000001
0000011001010000000000001111001000000001
0000010100010111111111110010000000000001
0000011000110000000000001110001000000001
0000011010011010100110100010000000000001
0000011010010010100110110010001000000001
0000011010000010100110100011010000000001
0000011001111010100110110010001000000001
0000011001110010100101110010001000000001
0000011001101010100110000010001000000001
0000011001100010100110010010001000000001
0000000000000000000000000000000000000001
0000011010001000000000001110001000000001
0000011010100000000000001111001000000001
0000011011001010100111110010000000000001
0000011011000010101000000010001000000001
0000011010110010100111110011010000000001
0000011010101010101000000010001000000001
0000011010001010100111000010001000000001
0000011010000010100111010010001000000001
0000011001111010100111100010001000000001
0000000000000000000000000000000000000001
0000011010111000000000001110001000000001
0000011011010000000000001111001000000001
0000011011111010101001000010000000000001
0000011011110010101001010010001000000001
0000011011100010101001000011010000000001
0000011011011010101001010010001000000001
0000011010111010101000010010001000000001
0000011010110010101000100010001000000001
0000011010101010101000110010001000000001
0000000000000000000000000000000000000001
0000011011101000000000001110001000000001
0000011100000000000000001111001000000001
0000011100101010101010010010000000000001
0000011100100010101010100010001000000001
0000011100010010101010010011010000000001
0000011100001010101010100010001000000001
0000011011101010101001100010001000000001
0000011011100010101001110010001000000001
0000011011011010101010000010001000000001
0000000000000000000000000000000000000001
0000011100011000000000001110001000000001
0000011100110000000000001111001000000001
0000011101011010101011100010000000000001
0000011101010010101011110010001000000001
0000011101000010101011100011010000000001
0000011100111010101011110010001000000001
0000011100011010101010110010001000000001
0000011100010010101011000010001000000001
0000011100001010101011010010001000000001
0000000000000000000000000000000000000001
0000011101001000000000001110001000000001
0000011101100000000000001111001000000001
0000011110001010101100110010000000000001
0000011110000010101101000010001000000001
0000011101110010101100110011010000000001
0000011101101010101101000010001000000001
0000011101001010101100000010001000000001
0000011101000010101100010010001000000001
0000011100111010101100100010001000000001
0000000000000000000000000000000000000001
0000011101111000000000001110001000000001
0000011110010000000000001111001000000001
0000010010011001000010010010000000000001
0000011000010001000010010010001000000001
0000011111101000000000001110001000000001
0000011111101000000000001100000000000001
0000011111101111111111110010000000000001
0000000000000000000000000000000000000001
0000100000001000000000001110001000000001
0000100000010000000000001111001000000001
0000011110111001000010000010000000000001
0000011110111010111110000010001001000001
0000100000010010111110000010001000000001
0000011110101001000010000011010000000001
0000011110101010111110000010001001000001
0000100000001010111110001000001000000001
0000100000001010111110000010001000000001
0000000000000000000000000000000000000001
0000011110110000000000001110001000000001
0000011111000000000000001111001000000001
0000100000011000000000001111011000000001
0000011111011001000010000010000000001001
0000011111100000000000001110001000000001
0000011111001001000010000010000000000001
1111111111110010111110100010001001100111
0000011111010000000000001110001000000001
0000100000011001000010000010001001001001
0000100000011001000010000010000000000001
0000011111010000000000001110001000100111
1111111111110010111110010010000000000001
0000011111100000000000001110001000100111
0000000000000000000000000000000000000001
0000011111100001000010000010000000001001
1111111111111001000010000010001001000001
0000011111100000000000001110001000100110
0000011111010001000110010010000000000001
0000000000000000000000000000000000000001
0000100000100000000000001110001000000001
0000100000101000000000001111001000000001
0000100000100000000000001100000000000001
0000000000000000000000000000000000000001
0000000000000010101101101010000100000001
1111111111100001000010000010000000000001
0000000000000010101101011010000100000001
1111111111100001000010000010001001000001
0000011111110000000000001110001000000001
0000100000101000000000001100000000000001
0000011111110111111111110010000000000001
1111111111100001000010000010001000000001
0000100000000000000000001110001000000001
0000100000000000000000001100000000000001
0000010010011111111111110010000000000001
0000011110011000000000001110001000000001
0000011000010111111111110010000000000001
0000011110100000000000001110001000000001
0000011000110001000010000010000000000001
0000000000111001000010000010001001000001
0000100000110000000000001110001000000001
0000011110100001000010000010000000000001
1111111101110000000000000000001000000001
0000011110011001000010000010000000000001
1111111101101000000000000000001000000001
1111111111110011001001100100000000000001
0000011101111000000000001100000000000001
0000011101111111111111110010000000000001
0000000000000000000000000000000000000001
0000100010011000000000001110001000000001
0000100010100000000000001111001000000001
0000011101111001000011000010000000000001
0000100011000000000000001110001000000001
0000100011000000000000001100000000000001
0000100011000111111111110010000000000001
0000100011000000000000001110001000000001
0000100011001001000010000010000000000001
0000100011001011001000110010001001000001
0000100011000011001000110010001000001001
0000100011010000000000001110001000000001
0000100001010001000010000010000000000001
0000100001010011001000110010001001000001
0000100010100011001000110010001000000001
0000100001000001000010000011010000000001
0000100001000011001000110010001001000001
0000100010011011001000110010001000000001
0000100001001000000000001110001000000001
1111111111101001000010000100001000000001
0000100001011000000000001111001000000001
0000100011010001000010000010000000000001
1111111111101001000010001000001000000001
1111111111101001000010001000010000100011
1111111111110001000010100010000000000001
0000000000000000000000000000000000000001
0000100011011000000000001111011000000001
0000100011011001000010000010001000000001
0000100010101000000000001110001000000001
0000000000000000000000000000000000000001
0000100010101000000000001111011000100011
0000100001110001000010000010000000001001
0000100001111000000000001110001000000001
0000100001100001000010000010000000000001
1111111111110011001001010010001001100111
0000100001101000000000001110001000000001
0000100010101001000010000010001001001001
0000100010101001000010000010000000000001
0000100001101000000000001110001000100111
1111111111110011001001000010000000000001
0000100001111000000000001110001000100111
0000000000000000000000000000000000000001
0000100001111001000010000010000000001001
1111111111111001000010000010001001000001
0000100001111000000000001110001000100110
0000100001101001000110100010000000000001
0000000000000000000000000000000000000001
0000100010110000000000001110001000000001
0000100010111000000000001111001000000001
0000100010110000000000001100000000000001
0000000000000000000000000000000000000001
0000000000000010111111001010000100000001
1111111111100001000010000010000000000001
0000000000000010111110111010000100000001
1111111111100001000010000010001001000001
0000100010000000000000001110001000000001
0000100010111000000000001100000000000001
0000100010000111111111110010000000000001
1111111111100001000010000010001000000001
0000100010010000000000001110001000000001
0000100010010000000000001100000000000001
0000011101111111111111110010000000000001
0000100000111000000000001110001000000001
0000000001000001000010000100000000000001
0000100000110001000010000010000000001001
0000000001001001000010000010000000000001
0000000001010001000010000010000000100011
0000100011100000000000001110001000000001
0000000000000000000000000000000000000001
0000000001100001000010000010000000000001
0000100011110001000010000010001001000001
0000100100010000000000001110001000000001
0000100100000001000010000010000000000001
0000100011110001000010000011010000000001
0000100100010011001001110010001000000001
0000100011111000000000001110001000000001
0000100011111000000000001100000000000001
0000100100001000000000001111001000000001
0000100000111111111111110010000000000001
0000100011101000000000001110001000000001
0000100011100001000010000010000000000001
1111111100001000000000000000001000000001
0000100011101011001010000010000000000001
0000100100011000000000001110001000000001
0000100011101011001010010010000000000001
0000100100100000000000001110001000000001
0000100100011001000010000010000000000001
1111111101111000000000000000001000000001
0000100100100001000010000010000000000001
1111111110000000000000000000001000000001
0000000000000000000000000000000000000001
0000000000000000000000000000000000000001
0000000000000000000000000000000000000001
0000000000000000000000000000000000000001
0000000000000000000000000000000000000001
0000000000000000000000000000000000000001
0000000000000000000000000000000000000001
0000000000000000000000000000000000000001
0000000000000000000000000000000000000001
0000000000000000000000000000000000000001
0000000000000000000000000000000000000001
0000000000000000000000000000000000000001
0000000000000000000000000000000000000001
0000000000000000000000000000000000000001
0000000000000000000000000000000000000001
0000000000000000000000000000000000000001
0000000000000000000000000000000000000001
0000000000000000000000000000000000000001
0000000000000000000000000000000000000001
0000000000000000000000000000000000000001
0000000000000000000000000000000000000001
0000000000000000000000000000000000000001
0000000000000000000000000000000000000001
0000000000000000000000000000000000000001
0000000000000000000000000000000000000001
0000000000000000000000000000000000000001
0000000000000000000000000000000000000001
0000000000000000000000000000000000000001
0000000000000000000000000000000000000001
0000000000000000000000000000000000000001
0000000000000000000000000000000000000001
0000000000000000000000000000000000000001
0000000000000000000000000000000000000001
0000000000000000000000000000000000000001
0000000000000000000000000000000000000001
0000000000000000000000000000000000000001
0000000000000000000000000000000000000001
0000000000000000000000000000000000000001
0000000000000000000000000000000000000001
0000000000000000000000000000000000000001
0000000000000000000000000000000000000001
0000000000000000000000000000000000000001
0000000000000000000000000000000000000001
0000000000000000000000000000000000000001
0000000000000000000000000000000000000001
0000000000000000000000000000000000000001
0000000000000000000000000000000000000001
0000000000000000000000000000000000000001
0000000000000000000000000000000000000001
0000000000000000000000000000000000000001
0000000000000000000000000000000000000001
0000000000000000000000000000000000000001
0000000000000000000000000000000000000001
0000000000000000000000000000000000000001
0000000000000000000000000000000000000001
0000000000000000000000000000000000000001
0000000000000000000000000000000000000001
0000000000000000000000000000000000000001
0000000000000000000000000000000000000001
0000000000000000000000000000000000000001
0000000000000000000000000000000000000001
0000000000000000000000000000000000000001
0000000000000000000000000000000000000001
0000000000000000000000000000000000000001
0000000000000000000000000000000000000001
0000000000000000000000000000000000000001
0000000000000000000000000000000000000001
0000000000000000000000000000000000000001
0000000000000000000000000000000000000001
0000000000000000000000000000000000000001
0000000000000000000000000000000000000001
0000000000000000000000000000000000000001
0000000000000000000000000000000000000001
0000000000000000000000000000000000000001
0000000000000000000000000000000000000001
0000000000000000000000000000000000000001
0000000000000000000000000000000000000001
0000000000000000000000000000000000000001
0000000000000000000000000000000000000001
0000000000000000000000000000000000000001
0000000000000000000000000000000000000001
0000000000000000000000000000000000000001
0000000000000000000000000000000000000001
0000000000000000000000000000000000000001
0000000000000000000000000000000000000001
0000000000000000000000000000000000000001
0000000000000000000000000000000000000001
0000000000000000000000000000000000000001
0000000000000000000000000000000000000001
0000000000000000000000000000000000000001
0000000000000000000000000000000000000001
0000000000000000000000000000000000000001
0000000000000000000000000000000000000001
0000000000000000000000000000000000000001
0000000000000000000000000000000000000001
0000000000000000000000000000000000000001
0000000000000000000000000000000000000001
0000000000000000000000000000000000000001
0000000000000000000000000000000000000001
0000000000000000000000000000000000000001
0000000000000000000000000000000000000001
0000000000000000000000000000000000000001
0000000000000000000000000000000000000001
0000000000000000000000000000000000000001
0000000000000000000000000000000000000001
0000000000000000000000000000000000000001
0000000000000000000000000000000000000001
0000000000000000000000000000000000000001
0000000000000000000000000000000000000001
0000000000000000000000000000000000000001
0000000000000000000000000000000000000001
0000000000000000000000000000000000000001
0000000000000000000000000000000000000001
0000000000000000000000000000000000000001
0000000000000000000000000000000000000001
0000000000000000000000000000000000000001
0000000000000000000000000000000000000001
0000000000000000000000000000000000000001
0000000000000000000000000000000000000001
0000000000000000000000000000000000000001
0000000000000000000000000000000000000001
0000000000000000000000000000000000000001
0000000000000000000000000000000000000001
0000000000000000000000000000000000000001
0000000000000000000000000000000000000001
0000000000000000000000000000000000000001
0000000000000000000000000000000000000001
0000000000000000000000000000000000000001
0000000000000000000000000000000000000001
0000000000000000000000000000000000000001
0000000000000000000000000000000000000001
0000000000000000000000000000000000000001
0000000000000000000000000000000000000001
0000000000000000000000000000000000000001
0000000000000000000000000000000000000001
0000000000000000000000000000000000000001
0000000000000000000000000000000000000001
0000000000000000000000000000000000000001
0000000000000000000000000000000000000001
0000000000000000000000000000000000000001
0000000000000000000000000000000000000001
0000000000000000000000000000000000000001
0000000000000000000000000000000000000001
0000000000000000000000000000000000000001
0000000000000000000000000000000000000001
0000000000000000000000000000000000000001
0000000000000000000000000000000000000001
0000000000000000000000000000000000000001
0000000000000000000000000000000000000001
0000000000000000000000000000000000000001
0000000000000000000000000000000000000001
0000000000000000000000000000000000000001
0000000000000000000000000000000000000001
0000000000000000000000000000000000000001
0000000000000000000000000000000000000001
0000000000000000000000000000000000000001
0000000000000000000000000000000000000001
0000000000000000000000000000000000000001
0000000000000000000000000000000000000001
0000000000000000000000000000000000000001
0000000000000000000000000000000000000001
0000000000000000000000000000000000000001
0000000000000000000000000000000000000001
0000000000000000000000000000000000000001
0000000000000000000000000000000000000001
0000000000000000000000000000000000000001
0000000000000000000000000000000000000001
0000000000000000000000000000000000000001
0000000000000000000000000000000000000001
0000000000000000000000000000000000000001
0000000000000000000000000000000000000001
0000000000000000000000000000000000000001
0000000000000000000000000000000000000001
0000000000000000000000000000000000000001
0000000000000000000000000000000000000001
0000000000000000000000000000000000000001
0000000000000000000000000000000000000001
0000000000000000000000000000000000000001
0000000000000000000000000000000000000001
0000000000000000000000000000000000000001
0000000000000000000000000000000000000001
0000000000000000000000000000000000000001
0000000000000000000000000000000000000001
0000000000000000000000000000000000000001
0000000000000000000000000000000000000001
0000000000000000000000000000000000000001
0000000000000000000000000000000000000001
0000000000000000000000000000000000000001
0000000000000000000000000000000000000001
0000000000000000000000000000000000000001
0000000000000000000000000000000000000001
0000000000000000000000000000000000000001
0000000000000000000000000000000000000001
0000000000000000000000000000000000000001
0000000000000000000000000000000000000001
0000000000000000000000000000000000000001
0000000000000000000000000000000000000001
0000000000000000000000000000000000000001
0000000000000000000000000000000000000001
0000000000000000000000000000000000000001
0000000000000000000000000000000000000001
0000000000000000000000000000000000000001
0000000000000000000000000000000000000001
0000000000000000000000000000000000000001
0000000000000000000000000000000000000001
0000000000000000000000000000000000000001
0000000000000000000000000000000000000001
0000000000000000000000000000000000000001
0000000000000000000000000000000000000001
0000000000000000000000000000000000000001
0000000000000000000000000000000000000001
0000000000000000000000000000000000000001
0000000000000000000000000000000000000001
0000000000000000000000000000000000000001
0000000000000000000000000000000000000001
0000000000000000000000000000000000000001
0000000000000000000000000000000000000001
0000000000000000000000000000000000000001
0000000000000000000000000000000000000001
0000000000000000000000000000000000000001
0000000000000000000000000000000000000001
0000000000000000000000000000000000000001
0000000000000000000000000000000000000001
0000000000000000000000000000000000000001
0000000000000000000000000000000000000001
0000000000000000000000000000000000000001
0000000000000000000000000000000000000001
0000000000000000000000000000000000000001
0000000000000000000000000000000000000001
0000000000000000000000000000000000000001
0000000000000000000000000000000000000001
0000000000000000000000000000000000000001
0000000000000000000000000000000000000001
0000000000000000000000000000000000000001
0000000000000000000000000000000000000001
0000000000000000000000000000000000000001
0000000000000000000000000000000000000001
0000000000000000000000000000000000000001
0000000000000000000000000000000000000001
0000000000000000000000000000000000000001
0000000000000000000000000000000000000001
0000000000000000000000000000000000000001
0000000000000000000000000000000000000001
0000000000000000000000000000000000000001
0000000000000000000000000000000000000001
0000000000000000000000000000000000000001
0000000000000000000000000000000000000001
0000000000000000000000000000000000000001
0000000000000000000000000000000000000001
0000000000000000000000000000000000000001
0000000000000000000000000000000000000001
0000000000000000000000000000000000000001
0000000000000000000000000000000000000001
0000000000000000000000000000000000000001
0000000000000000000000000000000000000001
0000000000000000000000000000000000000001
0000000000000000000000000000000000000001
0000000000000000000000000000000000000001
0000000000000000000000000000000000000001
0000000000000000000000000000000000000001
0000000000000000000000000000000000000001
0000000000000000000000000000000000000001
0000000000000000000000000000000000000001
0000000000000000000000000000000000000001
0000000000000000000000000000000000000001
0000000000000000000000000000000000000001
0000000000000000000000000000000000000001
0000000000000000000000000000000000000001
0000000000000000000000000000000000000001
0000000000000000000000000000000000000001
0000000000000000000000000000000000000001
0000000000000000000000000000000000000001
0000000000000000000000000000000000000001
0000000000000000000000000000000000000001
0000000000000000000000000000000000000001
0000000000000000000000000000000000000001
0000000000000000000000000000000000000001
0000000000000000000000000000000000000001
0000000000000000000000000000000000000001
0000000000000000000000000000000000000001
0000000000000000000000000000000000000001
0000000000000000000000000000000000000001
0000000000000000000000000000000000000001
0000000000000000000000000000000000000001
0000000000000000000000000000000000000001
0000000000000000000000000000000000000001
0000000000000000000000000000000000000001
0000000000000000000000000000000000000001
0000000000000000000000000000000000000001
0000000000000000000000000000000000000001
0000000000000000000000000000000000000001
0000000000000000000000000000000000000001
0000000000000000000000000000000000000001
0000000000000000000000000000000000000001
0000000000000000000000000000000000000001
0000000000000000000000000000000000000001
0000000000000000000000000000000000000001
0000000000000000000000000000000000000001
0000000000000000000000000000000000000001
0000000000000000000000000000000000000001
0000000000000000000000000000000000000001
0000000000000000000000000000000000000001
0000000000000000000000000000000000000001
0000000000000000000000000000000000000001
0000000000000000000000000000000000000001
0000000000000000000000000000000000000001
0000000000000000000000000000000000000001
0000000000000000000000000000000000000001
0000000000000000000000000000000000000001
0000000000000000000000000000000000000001
0000000000000000000000000000000000000001
0000000000000000000000000000000000000001
0000000000000000000000000000000000000001
0000000000000000000000000000000000000001
0000000000000000000000000000000000000001
0000000000000000000000000000000000000001
0000000000000000000000000000000000000001
0000000000000000000000000000000000000001
0000000000000000000000000000000000000001
0000000000000000000000000000000000000001
0000000000000000000000000000000000000001
0000000000000000000000000000000000000001
0000000000000000000000000000000000000001
0000000000000000000000000000000000000001
0000000000000000000000000000000000000001
0000000000000000000000000000000000000001
0000000000000000000000000000000000000001
0000000000000000000000000000000000000001
0000000000000000000000000000000000000001
0000000000000000000000000000000000000001
0000000000000000000000000000000000000001
0000000000000000000000000000000000000001
0000000000000000000000000000000000000001
0000000000000000000000000000000000000001
0000000000000000000000000000000000000001
0000000000000000000000000000000000000001
0000000000000000000000000000000000000001
0000000000000000000000000000000000000001
0000000000000000000000000000000000000001
0000000000000000000000000000000000000001
0000000000000000000000000000000000000001
0000000000000000000000000000000000000001
0000000000000000000000000000000000000001
0000000000000000000000000000000000000001
0000000000000000000000000000000000000001
0000000000000000000000000000000000000001
0000000000000000000000000000000000000001
0000000000000000000000000000000000000001
0000000000000000000000000000000000000001
0000000000000000000000000000000000000001
0000000000000000000000000000000000000001
0000000000000000000000000000000000000001
0000000000000000000000000000000000000001
0000000000000000000000000000000000000001
0000000000000000000000000000000000000001
0000000000000000000000000000000000000001
0000000000000000000000000000000000000001
0000000000000000000000000000000000000001
0000000000000000000000000000000000000001
0000000000000000000000000000000000000001
0000000000000000000000000000000000000001
0000000000000000000000000000000000000001
0000000000000000000000000000000000000001
0000000000000000000000000000000000000001
0000000000000000000000000000000000000001
0000000000000000000000000000000000000001
0000000000000000000000000000000000000001
0000000000000000000000000000000000000001
0000000000000000000000000000000000000001
0000000000000000000000000000000000000001
0000000000000000000000000000000000000001
0000000000000000000000000000000000000001
0000000000000000000000000000000000000001
0000000000000000000000000000000000000001
0000000000000000000000000000000000000001
0000000000000000000000000000000000000001
0000000000000000000000000000000000000001
0000000000000000000000000000000000000001
0000000000000000000000000000000000000001
0000000000000000000000000000000000000001
0000000000000000000000000000000000000001
0000000000000000000000000000000000000001
0000000000000000000000000000000000000001
0000000000000000000000000000000000000001
0000000000000000000000000000000000000001
0000000000000000000000000000000000000001
0000000000000000000000000000000000000001
0000000000000000000000000000000000000001
0000000000000000000000000000000000000001
0000000000000000000000000000000000000001
0000000000000000000000000000000000000001
0000000000000000000000000000000000000001
0000000000000000000000000000000000000001
0000000000000000000000000000000000000001
0000000000000000000000000000000000000001
0000000000000000000000000000000000000001
0000000000000000000000000000000000000001
0000000000000000000000000000000000000001
0000000000000000000000000000000000000001
0000000000000000000000000000000000000001
0000000000000000000000000000000000000001
0000000000000000000000000000000000000001
0000000000000000000000000000000000000001
0000000000000000000000000000000000000001
0000000000000000000000000000000000000001
0000000000000000000000000000000000000001
0000000000000000000000000000000000000001
0000000000000000000000000000000000000001
0000000000000000000000000000000000000001
0000000000000000000000000000000000000001
0000000000000000000000000000000000000001
0000000000000000000000000000000000000001
0000000000000000000000000000000000000001
0000000000000000000000000000000000000001
0000000000000000000000000000000000000001
0000000000000000000000000000000000000001
0000000000000000000000000000000000000001
0000000000000000000000000000000000000001
0000000000000000000000000000000000000001
0000000000000000000000000000000000000001
0000000000000000000000000000000000000001
0000000000000000000000000000000000000001
0000000000000000000000000000000000000001
0000000000000000000000000000000000000001
0000000000000000000000000000000000000001
0000000000000000000000000000000000000001
0000000000000000000000000000000000000001
0000000000000000000000000000000000000001
0000000000000000000000000000000000000001
0000000000000000000000000000000000000001
0000000000000000000000000000000000000001
0000000000000000000000000000000000000001
0000000000000000000000000000000000000001
0000000000000000000000000000000000000001
0000000000000000000000000000000000000001
0000000000000000000000000000000000000001
0000000000000000000000000000000000000001
0000000000000000000000000000000000000001
0000000000000000000000000000000000000001
0000000000000000000000000000000000000001
0000000000000000000000000000000000000001
0000000000000000000000000000000000000001
0000000000000000000000000000000000000001
0000000000000000000000000000000000000001
0000000000000000000000000000000000000001
0000000000000000000000000000000000000001
0000000000000000000000000000000000000001
0000000000000000000000000000000000000001
